48,52
48,51
48,50
48,49
48,48
48,47
48,46
48,45
48,44
48,43
48,42
48,41
48,40
48,39
48,38
48,37
48,36
48,35
10,25
10,196
10,99
10,267
10,240
10,233
10,150
10,230
11,7
8,9
8,16
8,2
39,3
39,2
39,1
39,0
38,3
38,2
38,1
38,0
37,3
37,2
37,1
37,0
36,3
36,2
36,1
36,0
20,3
20,2
20,1
12,3
12,2
12,1
11,30
11,29
11,28
11,26
11,25
11,24
11,22
11,21
11,20
11,19
11,18
11,17
11,16
11,15
19,2
19,1
11,14
11,13
11,12
11,11
11,10
11,9
11,8
11,6
11,5
11,3
19,3
11,2
11,1
10,315
10,312
10,309
10,305
10,295
10,286
10,263
10,258
10,248
10,227
10,218
10,179
10,160
10,158
10,142
10,131
10,121
10,120
18,1
10,117
18,3
10,94
10,29
10,3
14,1
10,2
10,1
9,7
9,5
9,3
